sun9-20.userapi.com:HSTS	0	18516	1615587511031,1,0,2
accounts.firefox.com:HSTS	0	18516	1631360165944,1,1,2
sun9-71.userapi.com:HSTS	0	18516	1615587359125,1,0,2
sun1-87.userapi.com:HSTS	0	18516	1615588067221,1,0,2
sun9-16.userapi.com:HSTS	0	18516	1615587385402,1,0,2
sun9-61.userapi.com:HSTS	0	18516	1615587384645,1,0,2
snippets.cdn.mozilla.net:HSTS	0	18516	1631355147272,1,0,2
sun1-91.userapi.com:HSTS	0	18516	1615588067659,1,0,2
www.google-analytics.com:HSTS	0	18516	1610711327758,1,1,2
sun9-53.userapi.com:HSTS	0	18516	1615587510958,1,0,2
signaler-pa.clients6.google.com:HSTS	0	18516	1610710728434,1,1,2
sun9-70.userapi.com:HSTS	0	18516	1615587311102,1,0,2
sun9-52.userapi.com:HSTS	0	18516	1615587311689,1,0,2
collector.githubapp.com:HSTS	0	18516	2230963927475,1,0,2
sun9-40.userapi.com:HSTS	0	18516	1615587366649,1,0,2
sun1-27.userapi.com:HSTS	0	18516	1615587977773,1,0,2
chat-pa.clients6.google.com:HSTS	0	18516	1610710669032,1,1,2
sun1-19.userapi.com:HSTS	0	18516	1615587383868,1,0,2
sun9-57.userapi.com:HSTS	0	18516	1615587312150,1,0,2
sun9-24.userapi.com:HSTS	0	18516	1615587981606,1,0,2
avatars0.githubusercontent.com:HSTS	0	18516	1631382997310,1,0,2
stats.vk-portal.net:HSTS	0	18516	1615588600254,1,0,2
sun9-67.userapi.com:HSTS	0	18516	1615587309066,1,0,2
www.yandex.com:HSTS	0	18516	1631360170662,1,1,2
sun1-96.userapi.com:HSTS	0	18516	1615587354868,1,0,2
sun1-90.userapi.com:HSTS	0	18516	1615587978321,1,0,2
www.googletagmanager.com:HSTS	0	18516	1631360918193,1,1,2
sun9-26.userapi.com:HSTS	0	18516	1615587510893,1,0,2
firefox.settings.services.mozilla.com:HSTS	0	18516	1631360013078,1,0,2
sun1-86.userapi.com:HSTS	0	18516	1615587387816,1,0,2
normandy.cdn.mozilla.net:HSTS	0	18516	1631355406756,1,0,2
sun9-75.userapi.com:HSTS	0	18516	1615587389468,1,0,2
sun1-24.userapi.com:HSTS	0	18516	1615588066652,1,0,2
counter.yadro.ru:HSTS	0	18516	1599910457870,1,0,2
cdnjs.cloudflare.com:HSTS	0	18516	1615604920463,1,1,2
www.mozilla.org:HSTS	0	18516	1631355095097,1,0,2
sun1-23.userapi.com:HSTS	0	18516	1615587388435,1,0,2
mc.yandex.ru:HSTS	0	18516	1631361369536,1,0,2
sun9-21.userapi.com:HSTS	0	18516	1615587389529,1,0,2
sun9-35.userapi.com:HSTS	0	18516	1615587385224,1,0,2
sun9-56.userapi.com:HSTS	0	18516	1615587384964,1,0,2
contacts.google.com:HSTS	0	18516	1631360264949,1,0,2
sun1-22.userapi.com:HSTS	0	18516	1615588067538,1,0,2
www.facebook.com:HSTS	0	18516	1615371194943,1,0,2
sun9-8.userapi.com:HSTS	0	18516	1615587511002,1,0,2
sun1-88.userapi.com:HSTS	0	18516	1615587978532,1,0,2
ogs.google.com:HSTS	0	18516	1631360227297,1,0,2
sun9-41.userapi.com:HSTS	0	18516	1615587384984,1,0,2
sun9-14.userapi.com:HSTS	0	18516	1615587331004,1,0,2
sun9-46.userapi.com:HSTS	0	18516	1615587389175,1,0,2
incoming.telemetry.mozilla.org:HSTS	0	18516	1615592171509,1,0,2
sun9-49.userapi.com:HSTS	0	18516	1615587388995,1,0,2
sun9-9.userapi.com:HSTS	0	18516	1615587311299,1,0,2
sun1-89.userapi.com:HSTS	0	18516	1615588067636,1,0,2
sun1-17.userapi.com:HSTS	0	18516	1615588067234,1,0,2
sun9-58.userapi.com:HSTS	0	18516	1615587385094,1,0,2
accounts.google.com:HSTS	0	18516	1631360548567,1,1,2
sun9-45.userapi.com:HSTS	0	18516	1615587331389,1,0,2
sun1-15.userapi.com:HSTS	0	18516	1615587365931,1,0,2
sun9-25.userapi.com:HSTS	0	18516	1615587299187,1,0,2
sun9-39.userapi.com:HSTS	0	18516	1615587388990,1,0,2
sun1-30.userapi.com:HSTS	0	18516	1615588067668,1,0,2
sun9-15.userapi.com:HSTS	0	18516	1615587389457,1,0,2
sun9-73.userapi.com:HSTS	0	18516	1615587330914,1,0,2
sun9-59.userapi.com:HSTS	0	18516	1615587359568,1,0,2
sun1-97.userapi.com:HSTS	0	18516	1615587938437,1,0,2
avatars1.githubusercontent.com:HSTS	0	18516	1631382923274,1,0,2
sun1-14.userapi.com:HSTS	0	18516	1615587977967,1,0,2
sun9-2.userapi.com:HSTS	0	18516	1615587390739,1,0,2
mc.admetrica.ru:HSTS	0	18516	1631360027233,1,0,2
pu.vk.com:HSTS	0	18516	1615587371987,1,0,2
api.github.com:HSTS	0	18516	1631361408496,1,1,2
github.com:HSTS	0	18516	1631361408584,1,1,2
sun9-44.userapi.com:HSTS	0	18516	1615587310728,1,0,2
im.vk.com:HSTS	0	18516	1615588625237,1,0,2
sun9-69.userapi.com:HSTS	0	18516	1615587385408,1,0,2
sun9-51.userapi.com:HSTS	0	18516	1615587331044,1,0,2
sun9-5.userapi.com:HSTS	0	18516	1615587359307,1,0,2
hangouts.google.com:HSTS	0	18516	1631360260812,1,0,2
tns-counter.ru:HSTS	0	18516	1602503740770,1,0,2
sun9-31.userapi.com:HSTS	0	18516	1615587385332,1,0,2
sun9-28.userapi.com:HSTS	0	18516	1615587385325,1,0,2
sun1-95.userapi.com:HSTS	0	18516	1615588067473,1,0,2
alive.github.com:HSTS	0	18516	1631361392546,1,0,2
sun1-21.userapi.com:HSTS	0	18516	1615588067215,1,0,2
sun9-55.userapi.com:HSTS	0	18516	1615587360125,1,0,2
sun9-22.userapi.com:HSTS	0	18516	1615587389369,1,0,2
sun9-64.userapi.com:HSTS	0	18516	1615588071803,1,0,2
sun9-48.userapi.com:HSTS	0	18516	1615587359064,1,0,2
connect.facebook.net:HSTS	0	18516	1631355190362,1,1,2
mc.yandex.md:HSTS	0	18516	1631360046080,1,0,2
sun9-32.userapi.com:HSTS	0	18516	1615587334130,1,0,2
sun9-29.userapi.com:HSTS	0	18516	1615587331559,1,0,2
sun9-12.userapi.com:HSTS	0	18516	1615587310293,1,0,2
sun9-33.userapi.com:HSTS	0	18516	1615587385296,1,0,2
avatars2.githubusercontent.com:HSTS	0	18516	1631382923267,1,0,2
people-pa.clients6.google.com:HSTS	0	18516	1610710659406,1,1,2
sun1-16.userapi.com:HSTS	0	18516	1615588067239,1,0,2
api.ok.ru:HSTS	0	18516	1615819329642,1,1,2
sun9-42.userapi.com:HSTS	0	18516	1615588067082,1,0,2
sun9-50.userapi.com:HSTS	0	18516	1615587510850,1,0,2
mozilla.org:HSTS	0	18516	1631355097672,1,0,2
apis.google.com:HSTS	0	18516	1631360256603,1,0,2
yastatic.net:HSTS	0	18516	1643024929421,1,1,2
sun9-43.userapi.com:HSTS	0	18516	1615587311321,1,0,2
mail.google.com:HSTS	0	18516	1610710648195,1,1,2
sun1-26.userapi.com:HSTS	0	18516	1615587978492,1,0,2
sun9-65.userapi.com:HSTS	0	18516	1615587358870,1,0,2
location.services.mozilla.com:HSTS	0	18516	1631355099311,1,1,2
www.yandex.ru:HSTS	0	18516	1631360999125,1,1,2
sun9-60.userapi.com:HSTS	0	18516	1615587359675,1,0,2
aus5.mozilla.org:HSTS	0	18516	1631355648631,1,0,2
sun1-85.userapi.com:HSTS	0	18516	1615588066515,1,0,2
shavar.services.mozilla.com^firstPartyDomain=safebrowsing.86868755-6b82-4842-b301-72671a0db32e.mozilla:HSTS	0	18516	1631358714766,1,1,2
sun1-18.userapi.com:HSTS	0	18516	1615587387373,1,0,2
sun1-94.userapi.com:HSTS	0	18516	1615588067552,1,0,2
sun1-20.userapi.com:HSTS	0	18516	1615587387907,1,0,2
sun9-62.userapi.com:HSTS	0	18516	1615587385378,1,0,2
sun9-11.userapi.com:HSTS	0	18516	1615587385031,1,0,2
sun9-30.userapi.com:HSTS	0	18516	1615587389443,1,0,2
sun9-34.userapi.com:HSTS	0	18516	1615587385391,1,0,2
sun9-76.userapi.com:HSTS	0	18516	1615587385373,1,0,2
sun1-92.userapi.com:HSTS	0	18516	1615587369886,1,0,2
sonar.semantiqo.com:HSTS	0	18516	1615592059768,1,0,2
login.vk.com:HSTS	0	18516	1615587282853,1,0,2
sun9-54.userapi.com:HSTS	0	18516	1615587300394,1,0,2
www.tns-counter.ru:HSTS	0	18516	1602497764390,1,0,2
sun9-36.userapi.com:HSTS	0	18516	1615587312176,1,0,2
sun9-66.userapi.com:HSTS	0	18516	1615587389239,1,0,2
ysa-static.passport.yandex.ru:HSTS	0	18516	1915184051300,1,1,2
sun9-23.userapi.com:HSTS	0	18516	1615587390805,1,0,2
queuev4.vk.com:HSTS	0	18516	1615588640816,1,0,2
sun1-99.userapi.com:HSTS	0	18516	1615587363669,1,0,2
vk.com:HSTS	0	18516	1615588599945,1,0,2
sun1-47.userapi.com:HSTS	0	18516	1615588067164,1,0,2
sun9-6.userapi.com:HSTS	0	18516	1615587310437,1,0,2
sun1-25.userapi.com:HSTS	0	18516	1615587978591,1,0,2
sun9-19.userapi.com:HSTS	0	18516	1615587385439,1,0,2
sun1-83.userapi.com:HSTS	0	18516	1615587978633,1,0,2
sun1-98.userapi.com:HSTS	0	18516	1615588066790,1,0,2
sun9-68.userapi.com:HSTS	0	18516	1615587389051,1,0,2
sun9-38.userapi.com:HSTS	0	18516	1615587389509,1,0,2
an.yandex.ru:HSTS	0	18516	1643024921113,1,1,2
sun9-3.userapi.com:HSTS	0	18516	1615587331470,1,0,2
sun9-63.userapi.com:HSTS	0	18516	1615587385152,1,0,2
sun9-13.userapi.com:HSTS	0	18516	1615587298183,1,0,2
sun9-72.userapi.com:HSTS	0	18516	1615587331370,1,0,2
sun1-29.userapi.com:HSTS	0	18516	1615587387709,1,0,2
sun9-7.userapi.com:HSTS	0	18516	1615587384704,1,0,2
sun1-28.userapi.com:HSTS	0	18516	1615588066598,1,0,2
services.addons.mozilla.org:HSTS	0	18516	1631355648176,1,0,2
sun9-10.userapi.com:HSTS	0	18516	1615587359013,1,0,2
sun9-37.userapi.com:HSTS	0	18516	1615587311611,1,0,2
www.google.com:HSTS	0	18516	1631360271305,1,0,2
psv4.userapi.com:HSTS	0	18516	1615588054535,1,0,2
sun9-27.userapi.com:HSTS	0	18516	1615587510930,1,0,2
sun1-84.userapi.com:HSTS	0	18516	1615587369380,1,0,2
